Time	Cohort	Bird	Treatment	Sex	Intake.P	Intake.L	Intake.C	Intake.P.per	Intake.L.per	Intake.C.per	P.Energy	L.Energy	C.Energy	P.Energy.per	L.Energy.per	C.Energy.per	PhotoC
W1	C1	b390	Ctrl	F	23.026	11.116	37.000	32.366	15.625	52.009	92.104	100.044	148.002	27.077	29.412	43.511	0.124
W1	C1	b391	Ctrl	M	20.868	10.074	33.533	32.366	15.625	52.009	83.474	90.670	134.133	27.077	29.412	43.511	0.068
W1	C1	b392	Both	F	31.098	10.128	22.552	48.760	15.880	35.360	124.391	91.149	90.208	40.684	29.812	29.504	0.085
W1	C1	b393	Diet	M	24.532	5.553	43.385	33.391	7.559	59.051	98.129	49.980	173.540	30.508	15.539	53.953	0.082
W1	C1	b394	Both	M	46.958	8.106	9.244	73.020	12.605	14.375	187.831	72.954	36.977	63.081	24.501	12.418	0.112
W1	C1	b395	Car	F	26.581	12.832	42.714	32.366	15.625	52.009	106.326	115.492	170.854	27.077	29.412	43.511	0.092
W1	C1	b396	Ctrl	M	28.762	13.885	46.218	32.366	15.625	52.009	115.049	124.967	184.872	27.077	29.412	43.511	0.078
W1	C1	b397	Both	F	23.630	14.144	18.077	42.309	25.325	32.367	94.519	127.296	72.309	32.136	43.280	24.585	0.135
W1	C1	b398	Diet	F	40.503	6.982	4.824	77.430	13.348	9.222	162.013	62.840	19.296	66.358	25.738	7.903	0.112
W1	C1	b399	Ctrl	M	22.910	11.060	36.814	32.366	15.625	52.009	91.640	99.540	147.256	27.077	29.412	43.511	0.097
W1	C1	b401	Car	F	23.925	11.550	38.445	32.366	15.625	52.009	95.700	103.950	153.780	27.077	29.412	43.511	0.130
W1	C1	b402	Both	F	31.016	6.284	34.789	43.025	8.717	48.258	124.063	56.558	139.154	38.797	17.687	43.516	0.161
W1	C1	b403	Ctrl	M	28.736	13.873	46.176	32.366	15.625	52.009	114.944	124.853	184.704	27.077	29.412	43.511	0.074
W1	C1	b404	Diet	F	35.620	7.592	49.973	38.225	8.147	53.628	142.480	68.327	199.892	34.692	16.637	48.671	0.073
W1	C1	b405	Car	F	25.236	12.183	40.551	32.366	15.625	52.009	100.943	109.645	162.205	27.077	29.412	43.511	0.082
W1	C1	b406	Both	M	15.621	15.366	3.631	45.124	44.388	10.488	62.483	138.295	14.523	29.021	64.233	6.745	0.221
W1	C1	b407	Car	F	24.789	11.967	39.834	32.366	15.625	52.009	99.157	107.705	159.335	27.077	29.412	43.511	0.096
W1	C1	b408	Diet	M	21.091	12.562	12.469	45.728	27.237	27.034	84.364	113.062	49.875	34.114	45.718	20.168	0.108
W1	C1	b409	Diet	F	45.778	7.838	6.242	76.478	13.094	10.428	183.113	70.541	24.968	65.721	25.318	8.961	0.077
W1	C1	b410	Car	M	20.834	10.058	33.477	32.366	15.625	52.009	83.334	90.518	133.910	27.077	29.412	43.511	0.158
W1	C2	b412	Ctrl	M	22.959	11.084	36.893	32.366	15.625	52.009	91.837	99.754	147.573	27.077	29.412	43.511	0.119
W1	C2	b413	Car	M	22.878	11.045	36.763	32.366	15.625	52.009	91.512	99.401	147.051	27.077	29.412	43.511	0.141
W1	C2	b414	Both	M	14.553	17.084	26.316	25.111	29.479	45.409	58.210	153.756	105.263	18.350	48.468	33.182	0.108
W1	C2	b415	Both	M	24.294	11.066	52.964	27.506	12.528	59.966	97.175	99.590	211.854	23.781	24.372	51.846	0.090
W1	C2	b416	Diet	M	18.416	18.219	2.023	47.638	47.129	5.233	73.665	163.972	8.092	29.978	66.729	3.293	0.071
W1	C2	b417	Car	M	15.553	7.508	24.992	32.366	15.625	52.009	62.211	67.574	99.966	27.077	29.412	43.511	0.046
W1	C2	b418	Diet	F	40.921	6.839	4.880	77.738	12.993	9.270	163.682	61.554	19.518	66.876	25.149	7.975	0.083
W1	C2	b419	Ctrl	M	23.563	11.375	37.863	32.366	15.625	52.009	94.250	102.375	151.450	27.077	29.412	43.511	0.082
W1	C2	b420	Both	M	32.045	10.996	18.695	51.907	17.811	30.281	128.181	98.964	74.778	42.455	32.778	24.767	0.094
W1	C2	b421	Car	F	21.080	10.177	33.874	32.366	15.625	52.009	84.320	91.589	135.494	27.077	29.412	43.511	0.073
W1	C2	b422	Diet	M	8.560	14.709	17.172	21.168	36.372	42.461	34.242	132.382	68.686	14.552	56.258	29.190	0.092
W1	C2	b423	Diet	M	24.548	8.362	55.547	27.751	9.453	62.796	98.191	75.261	222.189	24.818	19.022	56.159	0.073
W1	C2	b424	Both	F	50.779	8.964	21.400	62.580	11.047	26.373	203.116	80.678	85.600	54.986	21.841	23.173	0.065
W1	C2	b425	Ctrl	F	21.808	10.528	35.043	32.366	15.625	52.009	87.232	94.752	140.173	27.077	29.412	43.511	0.092
W1	C2	b426	Ctrl	M	22.913	11.061	36.819	32.366	15.625	52.009	91.652	99.553	147.275	27.077	29.412	43.511	0.063
W1	C2	b427	Both	F	19.610	6.702	23.469	39.393	13.463	47.143	78.442	60.319	93.874	33.719	25.929	40.353	0.123
W1	C2	b428	Car	M	24.491	11.823	39.354	32.366	15.625	52.009	97.962	106.407	157.415	27.077	29.412	43.511	0.065
W1	C2	b429	Car	M	24.482	11.819	39.340	32.366	15.625	52.009	97.927	106.369	157.359	27.077	29.412	43.511	0.088
W1	C2	b430	Diet	M	29.501	6.082	40.527	38.761	7.991	53.248	118.005	54.735	162.108	35.241	16.346	48.412	0.148
W1	C2	b431	Ctrl	F	21.495	10.377	34.540	32.366	15.625	52.009	85.979	93.391	138.160	27.077	29.412	43.511	0.094
W2	C1	b390	Ctrl	F	20.645	9.967	33.175	32.366	15.625	52.009	82.580	89.699	132.698	27.077	29.412	43.511	0.127
W2	C1	b391	Ctrl	M	19.819	9.568	31.846	32.366	15.625	52.009	79.274	86.108	127.386	27.077	29.412	43.511	0.052
W2	C1	b392	Both	F	17.199	11.394	17.161	37.590	24.902	37.508	68.796	102.546	68.646	28.666	42.730	28.604	0.082
W2	C1	b393	Diet	M	21.236	5.015	49.669	27.971	6.606	65.423	84.942	45.136	198.677	25.838	13.729	60.433	0.070
W2	C1	b394	Both	M	23.385	15.953	7.236	50.210	34.254	15.536	93.540	143.580	28.943	35.157	53.965	10.878	0.099
W2	C1	b395	Car	F	21.611	10.433	34.726	32.366	15.625	52.009	86.443	93.895	138.905	27.077	29.412	43.511	0.107
W2	C1	b396	Ctrl	M	22.733	10.975	36.530	32.366	15.625	52.009	90.932	98.771	146.119	27.077	29.412	43.511	0.066
W2	C1	b397	Both	F	9.458	14.119	17.525	23.011	34.352	42.637	37.832	127.072	70.099	16.099	54.073	29.829	0.136
W2	C1	b398	Diet	F	28.319	12.846	3.323	63.655	28.875	7.470	113.274	115.613	13.293	46.773	47.738	5.489	0.102
W2	C1	b399	Ctrl	M	21.272	10.269	34.181	32.366	15.625	52.009	85.086	92.421	136.724	27.077	29.412	43.511	0.098
W2	C1	b401	Car	F	21.527	10.392	34.591	32.366	15.625	52.009	86.107	93.530	138.365	27.077	29.412	43.511	0.150
W2	C1	b402	Both	F	27.187	5.423	31.505	42.403	8.458	49.139	108.747	48.805	126.020	38.349	17.211	44.440	0.168
W2	C1	b403	Ctrl	M	23.003	11.105	36.963	32.366	15.625	52.009	92.011	99.943	147.852	27.077	29.412	43.511	0.072
W2	C1	b404	Diet	F	36.731	7.520	48.781	39.482	8.083	52.435	146.924	67.679	195.124	35.859	16.518	47.623	0.067
W2	C1	b405	Car	F	21.860	10.553	35.127	32.366	15.625	52.009	87.441	94.979	140.508	27.077	29.412	43.511	0.106
W2	C1	b406	Both	M	10.493	17.555	1.190	35.889	60.042	4.069	41.973	157.995	4.759	20.502	77.174	2.325	0.175
W2	C1	b407	Car	F	22.353	10.791	35.919	32.366	15.625	52.009	89.413	97.121	143.677	27.077	29.412	43.511	0.100
W2	C1	b408	Diet	M	17.450	11.934	7.582	47.205	32.285	20.510	69.798	107.410	30.326	33.632	51.755	14.613	0.107
W2	C1	b409	Diet	F	43.960	7.345	5.173	77.835	13.005	9.160	175.839	66.106	20.693	66.951	25.170	7.879	0.059
W2	C1	b410	Car	M	18.479	8.921	29.694	32.366	15.625	52.009	73.915	80.287	118.774	27.077	29.412	43.511	0.162
W2	C2	b412	Ctrl	M	20.474	9.884	32.900	32.366	15.625	52.009	81.896	88.956	131.598	27.077	29.412	43.511	0.127
W2	C2	b413	Car	M	19.540	9.433	31.399	32.366	15.625	52.009	78.161	84.899	125.596	27.077	29.412	43.511	0.163
W2	C2	b414	Both	M	8.914	17.004	16.818	20.858	39.788	39.354	35.655	153.033	67.273	13.930	59.788	26.283	0.131
W2	C2	b415	Both	M	19.108	14.830	16.779	37.677	29.240	33.083	76.434	133.466	67.115	27.592	48.180	24.228	0.104
W2	C2	b416	Diet	M	15.967	17.334	6.734	39.883	43.296	16.821	63.869	156.006	26.938	25.878	63.208	10.914	0.070
W2	C2	b417	Car	M	24.836	11.990	39.908	32.366	15.625	52.009	99.342	107.906	159.633	27.077	29.412	43.511	0.059
W2	C2	b418	Diet	F	41.338	7.066	4.631	77.945	13.323	8.732	165.353	63.592	18.525	66.817	25.697	7.486	0.093
W2	C2	b419	Ctrl	M	17.403	8.401	27.965	32.366	15.625	52.009	69.612	75.613	111.859	27.077	29.412	43.511	0.072
W2	C2	b420	Both	M	22.039	10.988	19.269	42.143	21.011	36.846	88.157	98.890	77.078	33.377	37.441	29.182	0.143
W2	C2	b421	Car	F	18.456	8.910	29.656	32.366	15.625	52.009	73.822	80.186	118.625	27.077	29.412	43.511	0.081
W2	C2	b422	Diet	M	6.755	16.232	15.761	17.433	41.891	40.675	27.020	146.087	63.042	11.442	61.862	26.696	0.111
W2	C2	b423	Diet	M	18.816	9.233	45.460	25.597	12.561	61.842	75.266	83.101	181.839	22.124	24.427	53.450	0.088
W2	C2	b424	Both	F	39.961	7.767	35.469	48.032	9.336	42.632	159.843	69.905	141.876	43.012	18.811	38.177	0.098
W2	C2	b425	Ctrl	F	18.772	9.062	30.164	32.366	15.625	52.009	75.087	81.560	120.657	27.077	29.412	43.511	0.102
W2	C2	b426	Ctrl	M	19.389	9.360	31.157	32.366	15.625	52.009	77.558	84.244	124.627	27.077	29.412	43.511	0.061
W2	C2	b427	Both	F	10.874	10.064	24.680	23.838	22.061	54.101	43.497	90.574	98.718	18.685	38.908	42.407	0.141
W2	C2	b428	Car	M	20.288	9.794	32.601	32.366	15.625	52.009	81.154	88.150	130.405	27.077	29.412	43.511	0.079
W2	C2	b429	Car	M	22.550	10.886	36.236	32.366	15.625	52.009	90.202	97.978	144.945	27.077	29.412	43.511	0.108
W2	C2	b430	Diet	M	29.158	6.297	44.861	36.304	7.841	55.856	116.630	56.676	179.444	33.063	16.067	50.870	0.154
W2	C2	b431	Ctrl	F	19.181	9.260	30.821	32.366	15.625	52.009	76.722	83.336	123.285	27.077	29.412	43.511	0.098
W3	C1	b390	Ctrl	F	20.027	9.668	32.182	32.366	15.625	52.009	80.110	87.016	128.728	27.077	29.412	43.511	0.084
W3	C1	b391	Ctrl	M	17.209	8.308	27.652	32.366	15.625	52.009	68.834	74.768	110.610	27.077	29.412	43.511	0.038
W3	C1	b392	Both	F	17.381	13.686	10.785	41.530	32.701	25.770	69.525	123.176	43.141	29.480	52.228	18.292	0.070
W3	C1	b393	Diet	M	21.799	4.973	45.363	30.219	6.894	62.886	87.196	44.760	181.453	27.822	14.282	57.897	0.043
W3	C1	b394	Both	M	17.575	14.561	2.632	50.549	41.880	7.571	70.301	131.051	10.530	33.179	61.851	4.970	0.103
W3	C1	b395	Car	F	21.541	10.399	34.614	32.366	15.625	52.009	86.165	93.593	138.458	27.077	29.412	43.511	0.109
W3	C1	b396	Ctrl	M	20.503	9.898	32.946	32.366	15.625	52.009	82.012	89.082	131.785	27.077	29.412	43.511	0.044
W3	C1	b397	Both	F	9.129	14.438	18.003	21.960	34.732	43.308	36.515	129.943	72.013	15.312	54.490	30.198	0.126
W3	C1	b398	Diet	F	28.342	14.576	3.617	60.905	31.323	7.773	113.370	131.187	14.468	43.768	50.646	5.586	0.080
W3	C1	b399	Ctrl	M	19.839	9.577	31.879	32.366	15.625	52.009	79.356	86.197	127.516	27.077	29.412	43.511	0.076
W3	C1	b401	Car	F	20.465	9.880	32.886	32.366	15.625	52.009	81.861	88.918	131.542	27.077	29.412	43.511	0.119
W3	C1	b402	Both	F	25.007	7.266	36.104	36.572	10.627	52.801	100.029	65.396	144.418	32.284	21.106	46.610	0.143
W3	C1	b403	Ctrl	M	22.614	10.917	36.339	32.366	15.625	52.009	90.457	98.255	145.355	27.077	29.412	43.511	0.057
W3	C1	b404	Diet	F	31.364	6.968	59.237	32.146	7.142	60.713	125.456	62.712	236.946	29.511	14.752	55.737	0.062
W3	C1	b405	Car	F	20.645	9.967	33.175	32.366	15.625	52.009	82.580	89.699	132.698	27.077	29.412	43.511	0.097
W3	C1	b406	Both	M	11.350	13.505	4.738	38.354	45.635	16.011	45.399	121.542	18.952	24.422	65.383	10.195	0.146
W3	C1	b407	Car	F	21.272	10.269	34.181	32.366	15.625	52.009	85.086	92.421	136.724	27.077	29.412	43.511	0.088
W3	C1	b408	Diet	M	14.805	11.296	15.209	35.840	27.344	36.816	59.220	101.661	60.834	26.710	45.852	27.438	0.093
W3	C1	b409	Diet	F	39.444	7.074	10.912	68.682	12.318	19.000	157.774	63.667	43.647	59.517	24.017	16.465	0.053
W3	C1	b410	Car	M	18.209	8.791	29.260	32.366	15.625	52.009	72.836	79.115	117.041	27.077	29.412	43.511	0.132
W3	C2	b412	Ctrl	M	23.403	11.298	37.606	32.366	15.625	52.009	93.612	101.682	150.425	27.077	29.412	43.511	0.117
W3	C2	b413	Car	M	21.707	10.479	34.880	32.366	15.625	52.009	86.826	94.311	139.520	27.077	29.412	43.511	0.219
W3	C2	b414	Both	M	11.242	18.138	15.424	25.091	40.483	34.426	44.966	163.243	61.697	16.660	60.481	22.859	0.177
W3	C2	b415	Both	M	18.729	15.331	17.155	36.570	29.935	33.495	74.917	137.982	68.618	26.612	49.014	24.374	0.158
W3	C2	b416	Diet	M	17.264	15.357	19.898	32.871	29.242	37.887	69.055	138.217	79.591	24.072	48.182	27.745	0.078
W3	C2	b417	Car	M	20.112	9.709	32.317	32.366	15.625	52.009	80.446	87.381	129.268	27.077	29.412	43.511	0.074
W3	C2	b418	Diet	F	23.334	14.579	2.630	57.554	35.959	6.487	93.334	131.207	10.519	39.707	55.818	4.475	0.104
W3	C2	b419	Ctrl	M	20.161	9.733	32.396	32.366	15.625	52.009	80.643	87.595	129.585	27.077	29.412	43.511	0.105
W3	C2	b420	Both	M	17.745	12.776	28.441	30.096	21.668	48.237	70.980	114.981	113.765	23.682	38.362	37.956	0.160
W3	C2	b421	Car	F	17.093	8.252	27.466	32.366	15.625	52.009	68.370	74.264	109.864	27.077	29.412	43.511	0.113
W3	C2	b422	Diet	M	6.443	15.538	22.124	14.608	35.230	50.162	25.771	139.843	88.494	10.142	55.033	34.825	0.109
W3	C2	b423	Diet	M	10.939	13.523	38.804	17.290	21.374	61.336	43.754	121.704	155.218	13.644	37.952	48.403	0.083
W3	C2	b424	Both	F	33.517	6.988	47.298	38.173	7.959	53.868	134.068	62.894	189.191	34.719	16.287	48.994	0.099
W3	C2	b425	Ctrl	F	19.314	9.324	31.036	32.366	15.625	52.009	77.256	83.916	124.142	27.077	29.412	43.511	0.096
W3	C2	b426	Ctrl	M	19.279	9.307	30.980	32.366	15.625	52.009	77.117	83.765	123.919	27.077	29.412	43.511	0.068
W3	C2	b427	Both	F	10.679	12.586	21.171	24.033	28.323	47.645	42.716	113.270	84.685	17.749	47.064	35.187	0.133
W3	C2	b428	Car	M	21.944	10.594	35.262	32.366	15.625	52.009	87.777	95.344	141.049	27.077	29.412	43.511	0.134
W3	C2	b429	Car	M	23.609	11.397	37.937	32.366	15.625	52.009	94.436	102.577	151.748	27.077	29.412	43.511	0.120
W3	C2	b430	Diet	M	29.840	6.450	50.583	34.349	7.424	58.226	119.361	58.048	202.331	31.432	15.286	53.281	0.143
W3	C2	b431	Ctrl	F	15.619	7.540	25.099	32.366	15.625	52.009	62.478	67.864	100.395	27.077	29.412	43.511	0.117
W4	C1	b390	Ctrl	F	18.018	8.698	28.953	32.366	15.625	52.009	72.071	78.284	115.810	27.077	29.412	43.511	0.116
W4	C1	b391	Ctrl	M	14.761	7.126	23.719	32.366	15.625	52.009	59.044	64.134	94.878	27.077	29.412	43.511	0.058
W4	C1	b392	Both	F	12.561	10.757	11.993	35.572	30.464	33.964	50.242	96.810	47.971	25.762	49.640	24.598	0.057
W4	C1	b393	Diet	M	17.944	4.095	37.381	30.198	6.892	62.910	71.775	36.855	149.522	27.803	14.276	57.920	0.056
W4	C1	b394	Both	M	14.000	12.060	3.078	48.047	41.391	10.562	56.000	108.544	12.310	31.664	61.375	6.961	0.063
W4	C1	b395	Car	F	17.644	8.518	28.351	32.366	15.625	52.009	70.574	76.658	113.406	27.077	29.412	43.511	0.038
W4	C1	b396	Ctrl	M	17.400	8.400	27.960	32.366	15.625	52.009	69.600	75.600	111.840	27.077	29.412	43.511	0.073
W4	C1	b397	Both	F	8.058	10.804	22.691	19.391	26.002	54.607	32.231	97.240	90.764	14.635	44.153	41.212	0.122
W4	C1	b398	Diet	F	21.298	11.149	2.822	60.387	31.611	8.002	85.192	100.340	11.288	43.284	50.980	5.735	0.086
W4	C1	b399	Ctrl	M	16.878	8.148	27.121	32.366	15.625	52.009	67.512	73.332	108.485	27.077	29.412	43.511	0.105
W4	C1	b401	Car	F	15.474	7.470	24.866	32.366	15.625	52.009	61.898	67.234	99.463	27.077	29.412	43.511	0.133
W4	C1	b402	Both	F	8.577	11.537	15.681	23.962	32.231	43.807	34.310	103.836	62.725	17.081	51.693	31.226	0.117
W4	C1	b403	Ctrl	M	19.581	9.453	31.464	32.366	15.625	52.009	78.323	85.075	125.857	27.077	29.412	43.511	0.071
W4	C1	b404	Diet	F	22.354	6.608	40.588	32.141	9.501	58.359	89.415	59.469	162.352	28.729	19.107	52.164	0.060
W4	C1	b405	Car	F	17.519	8.457	28.151	32.366	15.625	52.009	70.076	76.117	112.604	27.077	29.412	43.511	0.055
W4	C1	b406	Both	M	10.799	13.118	3.785	38.984	47.354	13.662	43.197	118.062	15.138	24.488	66.930	8.582	0.158
W4	C1	b407	Car	F	16.811	8.116	27.014	32.366	15.625	52.009	67.245	73.042	108.056	27.077	29.412	43.511	0.058
W4	C1	b408	Diet	M	9.671	10.397	15.719	27.023	29.052	43.925	38.683	93.570	62.877	19.824	47.953	32.223	0.135
W4	C1	b409	Diet	F	33.614	5.612	3.821	78.086	13.037	8.877	134.457	50.511	15.286	67.143	25.223	7.633	0.089
W4	C1	b410	Car	M	16.582	8.005	26.646	32.366	15.625	52.009	66.329	72.047	106.584	27.077	29.412	43.511	0.132
W4	C2	b412	Ctrl	M	21.263	10.265	34.167	32.366	15.625	52.009	85.051	92.383	136.668	27.077	29.412	43.511	0.122
W4	C2	b413	Car	M	17.789	8.588	28.584	32.366	15.625	52.009	71.154	77.288	114.338	27.077	29.412	43.511	0.236
W4	C2	b414	Both	M	5.943	14.631	15.647	16.408	40.394	43.198	23.771	131.677	62.586	10.903	60.393	28.705	0.229
W4	C2	b415	Both	M	13.372	13.888	17.227	30.059	31.218	38.723	53.490	124.992	68.907	21.622	50.525	27.854	0.157
W4	C2	b416	Diet	M	16.182	10.445	29.102	29.037	18.742	52.221	64.728	94.001	116.409	23.526	34.165	42.309	0.067
W4	C2	b417	Car	M	17.699	8.544	28.440	32.366	15.625	52.009	70.795	76.898	113.760	27.077	29.412	43.511	0.082
W4	C2	b418	Diet	F	13.531	14.377	1.501	46.008	48.887	5.104	54.123	129.396	6.004	28.557	68.275	3.168	0.098
W4	C2	b419	Ctrl	M	17.977	8.679	28.887	32.366	15.625	52.009	71.908	78.107	115.549	27.077	29.412	43.511	0.085
W4	C2	b420	Both	M	13.334	9.906	28.360	25.842	19.197	54.961	53.337	89.150	113.440	20.841	34.834	44.325	0.211
W4	C2	b421	Car	F	17.690	8.540	28.426	32.366	15.625	52.009	70.760	76.860	113.704	27.077	29.412	43.511	0.116
W4	C2	b422	Diet	M	4.819	15.221	12.802	14.673	46.347	38.980	19.275	136.988	51.206	9.290	66.028	24.681	0.095
W4	C2	b423	Diet	M	9.975	11.959	29.539	19.380	23.233	57.387	39.902	107.628	118.154	15.019	40.510	44.472	0.077
W4	C2	b424	Both	F	30.016	6.220	42.266	38.236	7.923	53.841	120.063	55.978	169.063	34.790	16.221	48.989	0.125
W4	C2	b425	Ctrl	F	16.556	7.993	26.604	32.366	15.625	52.009	66.224	71.933	106.416	27.077	29.412	43.511	0.097
W4	C2	b426	Ctrl	M	18.609	8.984	29.903	32.366	15.625	52.009	74.437	80.854	119.613	27.077	29.412	43.511	0.063
W4	C2	b427	Both	F	3.816	10.916	13.648	13.445	38.465	48.090	15.262	98.244	54.590	9.079	58.445	32.476	0.145
W4	C2	b428	Car	M	18.447	8.905	29.642	32.366	15.625	52.009	73.788	80.149	118.569	27.077	29.412	43.511	0.107
W4	C2	b429	Car	M	19.210	9.274	30.868	32.366	15.625	52.009	76.838	83.462	123.471	27.077	29.412	43.511	0.119
W4	C2	b430	Diet	M	24.716	5.400	43.765	33.454	7.309	59.237	98.864	48.603	175.059	30.653	15.069	54.278	0.144
W4	C2	b431	Ctrl	F	16.286	7.862	26.171	32.366	15.625	52.009	65.146	70.762	104.682	27.077	29.412	43.511	0.093
